#c25 on line
1 -17.454164 0.000000 0.000000 3.730000 0.585600 0.000000
2 -15.999650 0.000000 0.000000 3.730000 0.585600 0.000000
3 -14.545136 0.000000 0.000000 3.730000 0.585600 0.000000
4 -13.090623 0.000000 0.000000 3.730000 0.585600 0.000000
5 -11.636109 0.000000 0.000000 3.730000 0.585600 0.000000
6 -10.181595 0.000000 0.000000 3.730000 0.585600 0.000000
7 -8.727082 0.000000 0.000000 3.730000 0.585600 0.000000
8 -7.272568 0.000000 0.000000 3.730000 0.585600 0.000000
9 -5.818055 0.000000 0.000000 3.730000 0.585600 0.000000
10 -4.363541 0.000000 0.000000 3.730000 0.585600 0.000000
11 -2.909027 0.000000 0.000000 3.730000 0.585600 0.000000
12 -1.454514 0.000000 0.000000 3.730000 0.585600 0.000000
13 0.000000 0.000000 0.000000 3.730000 0.585600 0.000000
14 1.454514 0.000000 0.000000 3.730000 0.585600 0.000000
15 2.909027 0.000000 0.000000 3.730000 0.585600 0.000000
16 4.363541 0.000000 0.000000 3.730000 0.585600 0.000000
17 5.818055 0.000000 0.000000 3.730000 0.585600 0.000000
18 7.272568 0.000000 0.000000 3.730000 0.585600 0.000000
19 8.727082 0.000000 0.000000 3.730000 0.585600 0.000000
20 10.181595 0.000000 0.000000 3.730000 0.585600 0.000000
21 11.636109 0.000000 0.000000 3.730000 0.585600 0.000000
22 13.090623 0.000000 0.000000 3.730000 0.585600 0.000000
23 14.545136 0.000000 0.000000 3.730000 0.585600 0.000000
24 15.999650 0.000000 0.000000 3.730000 0.585600 0.000000
25 17.454164 0.000000 0.000000 3.730000 0.585600 0.000000
